              precision    recall  f1-score   support

           0     0.9912    0.9941    0.9927       340
           1     1.0000    0.9941    0.9971       340
           2     0.9766    0.9824    0.9795       340
           3     0.9852    0.9765    0.9808       340
           4     0.9855    0.9971    0.9912       340
           5     1.0000    0.9853    0.9926       340
           6     0.9941    0.9941    0.9941       340
           7     0.9942    1.0000    0.9971       340
           8     0.9912    0.9941    0.9927       340
           9     0.9912    0.9912    0.9912       340

    accuracy                         0.9909      3400
   macro avg     0.9909    0.9909    0.9909      3400
weighted avg     0.9909    0.9909    0.9909      3400
