              precision    recall  f1-score   support

           0     0.9971    0.9971    0.9971       340
           1     1.0000    0.9912    0.9956       340
           2     0.9911    0.9853    0.9882       340
           3     0.9469    0.9971    0.9713       340
           4     0.9941    0.9941    0.9941       340
           5     0.9971    0.9941    0.9956       340
           6     0.9798    1.0000    0.9898       340
           7     0.9855    1.0000    0.9927       340
           8     0.9971    0.9971    0.9971       340
           9     1.0000    0.9294    0.9634       340

    accuracy                         0.9885      3400
   macro avg     0.9889    0.9885    0.9885      3400
weighted avg     0.9889    0.9885    0.9885      3400
